5 87 0
67 20 0
86 96 0
47 64 1
93 77 0
88 72 0
79 35 1
89 52 1
50 30 1
9 66 1
74 6 0
75 85 1
11 15 1
8 84 0
53 87 0
10 97 1
22 86 0
46 78 1
48 14 0
25 52 0
30 91 0
48 35 1
86 57 1
28 36 1
50 70 0
23 75 1
31 87 0
68 99 1
29 16 0
8 43 1
16 62 0
98 100 0
81 34 0
71 95 0
57 24 0
76 40 0
32 88 0
4 3 1
17 13 1
27 75 1
23 54 0
55 44 1
60 98 1
6 27 1
21 29 0
99 39 0
43 40 1
96 3 0
70 45 0
49 81 0
38 63 0
75 25 0
72 74 0
27 56 0
41 100 0
3 8 0
96 28 1
94 24 0
40 63 0
55 6 0
92 97 0
16 58 1
26 48 0
17 86 0
15 37 1
84 71 1
97 100 0
95 67 1
66 12 1
46 78 0
84 71 0
47 71 0
14 17 0
85 33 1
3 18 1
77 96 0
81 90 1
91 21 1
45 11 0
36 8 1
21 16 1
14 13 1
37 72 0
33 92 0
24 93 1
11 29 0
70 46 1
65 27 0
77 3 1
57 59 1
83 17 1
71 95 1
4 8 0
2 22 0
20 78 1
43 76 0
2 94 1
95 64 0
53 45 1
35 14 1
34 89 0
62 73 1
60 98 0
90 85 0
94 96 1
34 33 1
66 48 0
12 68 1
52 41 0
56 89 0
36 84 0
63 20 0
1 12 0
7 100 1
42 2 0